710 745 731 702 701 736
929 953 943 1000 987 921
280 258 285 266 272 255
911 902 884 972 899 900
1180 1223 1215 1243 1199 1128
438 510 465 437 451 471
2825 2926 2840 2788 2923 2897
1039 1058 1111 1046 1013 1024
430 410 399 396 350 394
2305 2282 2323 2418 2361 2366
1300 1247 1288 1277 1208 1294
1845 1858 1891 1948 1876 1795
2829 2941 2871 2832 2837 2782
2822 2802 2803 2766 2744 2645
2453 2347 2383 2486 2331 2416
2386 2437 2338 2375 2371 2467
1176 1118 1097 1121 1071 1191
781 788 754 723 760 680
3113 3118 3114 3140 3229 3149
727 719 736 770 727 776
225 234 241 187 217 171
3120 3049 3077 3066 3072 3094
3225 2954 3072 3054 3049 3169
268 272 254 280 273 238
1786 1741 1767 1764 1803 1839
82 55 70 73 64 87
758 750 786 780 769 785
2121 2162 2180 2138 2221 2259
1451 1391 1426 1437 1471 1450
1440 1383 1377 1450 1479 1501
1071 1029 1069 1009 975 990
488 513 512 484 517 534
2890 2881 2928 2938 2984 2950
771 730 702 768 760 721
1817 1821 1887 1919 1922 1815
254 244 254 246 243 260
1103 1113 1063 1075 1045 1049
3055 3056 2967 3025 2995 2986
2949 3019 2990 2891 2894 2961
2774 2798 2816 2741 2718 2697
2809 2796 2638 2656 2752 2870
3023 3147 3109 3127 3178 3066
2309 2332 2333 2372 2261 2224
2165 2143 2058 2200 2188 2209
598 555 583 590 584 627
2346 2267 2348 2377 2342 2208
206 201 206 186 203 202
1516 1504 1484 1488 1490 1495
2918 2830 2811 2928 2901 2824
486 536 486 503 542 513
743 771 683 711 753 729
1400 1434 1461 1356 1374 1333
1697 1792 1747 1783 1687 1697
2435 2500 2465 2434 2551 2417
2100 2171 2167 2103 2131 2109
335 353 316 349 347 318
2724 2898 2850 2791 2840 2812
295 286 241 304 265 272
1320 1318 1297 1381 1314 1284
3310 3149 3321 3329 3193 3174
2766 2714 2767 2735 2768 2695
2344 2311 2350 2361 2359 2363
1282 1286 1186 1301 1231 1270
928 995 917 936 962 929
2291 2277 2326 2266 2189 2325
3301 3182 3161 3294 3310 3399
958 935 949 953 934 911
1719 1749 1677 1706 1693 1792
1836 1841 1786 1795 1844 1779
1778 1859 1768 1852 1758 1784
2659 2590 2610 2625 2681 2636
2342 2427 2334 2517 2354 2425
1063 1143 1031 1066 1065 1021
639 676 646 693 674 672
3345 3286 3336 3277 3221 3331
2046 2163 2104 2112 2047 2230
1629 1606 1599 1572 1627 1646
1680 1728 1677 1690 1741 1740
2369 2485 2493 2507 2448 2450
1090 1159 1017 1049 1082 1111
397 332 360 358 364 384
3113 3210 3179 3079 3161 3138
234 257 258 253 260 235
3264 3299 3225 3258 3339 3156
2712 2656 2647 2718 2716 2679
295 309 276 298 270 269
1808 1888 1818 1821 1868 1856
2143 2311 2138 2059 2071 2135
784 785 851 763 835 782
2764 2784 2780 2752 2738 2746
112 115 116 110 108 121
1176 1196 1216 1215 1152 1233
2862 2856 2927 2850 2724 2825
1489 1397 1436 1473 1398 1380
339 345 376 330 361 370
997 988 991 969 1013 1052
1467 1372 1415 1439 1434 1345
335 303 317 309 324 324
492 510 491 493 498 509
2836 2824 2888 2971 2862 2821
0 0 0 0 0 0

